stim_idx,cluster_id
0,3
1,1
2,0
3,2
4,7
5,7
6,4
7,4
8,6
9,5
10,2
11,11
12,7
13,4
14,4
15,6
16,7
17,3
18,2
19,5
20,4
21,1
22,1
23,8
24,1
25,11
26,7
27,3
28,8
29,10
30,0
31,8
32,2
33,8
34,7
35,4
36,6
37,6
38,9
39,7
40,8
41,0
42,6
43,0
44,1
45,4
46,11
47,8
48,4
49,6
50,9
51,10
52,1
53,2
54,6
55,6
56,4
57,1
58,7
59,9
60,0
61,6
62,7
63,7
64,0
65,10
66,8
67,0
68,11
69,4
70,1
71,3
72,0
73,5
74,8
75,8
76,3
77,11
78,8
79,8
80,8
81,0
82,11
83,4
84,9
85,5
86,8
87,0
88,11
89,5
90,1
91,0
92,1
93,4
94,7
95,1
96,0
97,7
98,1
99,8
100,7
101,10
102,3
103,1
104,8
105,1
106,6
107,1
108,1
109,6
110,5
111,6
112,7
113,11
114,3
115,5
116,8
117,11
118,0
119,0
120,8
121,6
122,8
123,3
124,11
125,0
126,8
127,11
128,8
129,6
130,6
131,7
132,5
133,4
134,7
135,3
136,1
137,6
138,4
139,8
140,3
141,11
142,8
143,10
144,1
145,6
146,6
147,5
148,0
149,7
150,4
151,10
152,1
153,8
154,11
155,8
156,11
157,1
158,7
159,7
160,4
161,6
162,7
163,4
164,5
165,1
166,8
167,5
168,1
169,1
170,1
171,6
172,8
173,7
174,3
175,8
176,4
177,11
178,3
179,7
180,11
181,10
182,0
183,2
184,4
185,6
186,5
187,0
188,1
189,1
190,8
191,6
192,9
193,10
194,8
195,0
196,7
197,6
198,7
199,1
200,3
201,6
202,8
203,3
204,0
205,11
206,8
207,2
208,6
209,3
210,6
211,9
212,7
213,6
214,1
215,10
216,2
217,0
218,1
219,11
220,1
221,10
222,7
223,5
224,3
225,5
226,8
227,1
228,11
229,1
230,0
231,5
232,0
233,0
234,4
235,10
236,3
237,11
238,3
239,1
240,8
241,6
242,0
243,10
244,6
245,6
246,8
247,8
248,1
249,3
250,0
251,6
252,8
253,3
254,10
255,6
256,8
257,6
258,0
259,5
260,4
261,6
262,3
263,8
264,7
265,1
266,7
267,5
268,3
269,10
270,4
271,8
272,4
273,11
274,8
275,7
276,4
277,3
278,10
279,0
280,5
281,4
282,4
283,3
284,10
285,3
286,1
287,5
288,7
289,8
290,0
291,3
292,6
293,8
294,0
295,10
296,7
297,7
298,5
299,6
300,11
301,4
302,8
303,2
304,7
305,4
306,6
307,0
308,8
309,8
310,6
311,7
312,3
313,0
314,7
315,3
316,1
317,3
318,3
319,8
320,1
321,6
322,0
323,1
324,8
325,6
326,10
327,11
328,7
329,4
330,4
331,8
332,7
333,7
334,4
335,1
336,5
337,8
338,8
339,9
340,1
341,6
342,4
343,7
344,0
345,3
346,8
347,0
348,10
349,11
350,5
351,0
352,1
353,11
354,0
355,7
356,8
357,11
358,6
359,11
360,1
361,3
362,9
363,6
364,8
365,1
366,4
367,5
368,2
369,7
370,11
371,7
372,8
373,3
374,8
375,10
376,11
377,7
378,8
379,6
380,0
381,8
382,0
383,1
384,6
385,10
386,11
387,6
388,7
389,4
390,7
391,10
392,8
393,4
394,6
395,6
396,10
397,8
398,11
399,1
400,0
401,4
402,10
403,0
404,8
405,0
406,1
407,1
408,4
409,7
410,6
411,8
412,1
413,3
414,1
415,8
416,3
417,7
418,4
419,6
420,6
421,5
422,10
423,4
424,6
425,5
426,4
427,10
428,9
429,6
430,5
431,1
432,11
433,1
434,11
435,8
436,0
437,10
438,7
439,6
440,11
441,8
442,8
443,7
444,6
445,8
446,8
447,1
448,6
449,11
450,6
451,6
452,7
453,7
454,6
455,7
456,6
457,0
458,6
459,11
460,0
461,3
462,1
463,0
464,11
465,4
466,8
467,11
468,5
469,10
470,7
471,8
472,3
473,11
474,7
475,0
476,1
477,8
478,0
479,1
480,3
481,1
482,3
483,8
484,3
485,4
486,11
487,10
488,8
489,7
490,9
491,0
492,1
493,6
494,4
495,3
496,8
497,0
498,5
499,10
500,10
501,0
502,0
503,7
504,5
505,11
506,8
507,3
508,0
509,3
510,4
511,8
512,5
513,8
514,11
515,0
516,8
517,5
518,1
519,8
520,7
521,4
522,11
523,7
524,8
525,8
526,11
527,10
528,3
529,8
530,6
531,10
532,1
533,1
534,11
535,1
536,4
537,1
538,7
539,5
540,7
541,5
542,3
543,4
544,5
545,1
546,8
547,3
548,0
549,0
550,0
551,5
552,1
553,7
554,2
555,5
556,8
557,10
558,4
559,5
560,0
561,5
562,10
563,6
564,8
565,8
566,11
567,3
568,5
569,8
570,10
571,4
572,2
573,8
574,8
575,6
576,1
577,2
578,3
579,1
580,10
581,3
582,0
583,1
584,2
585,11
586,2
587,4
588,0
589,5
590,3
591,0
592,0
593,8
594,7
595,7
596,2
597,1
598,1
599,4
600,11
601,3
602,6
603,3
604,7
605,8
606,1
607,8
608,11
609,1
610,7
611,0
612,1
613,0
614,4
615,3
616,1
617,10
618,7
619,1
620,8
621,1
622,7
623,8
624,4
625,0
626,0
627,11
628,9
629,1
630,2
631,1
632,2
633,8
634,9
635,0
636,1
637,0
638,10
639,0
640,3
641,1
642,1
643,0
644,1
645,5
646,1
647,5
648,7
649,5
650,4
651,10
652,11
653,6
654,9
655,1
656,8
657,7
658,4
659,3
660,7
661,1
662,1
663,8
664,6
665,11
666,4
667,5
668,8
669,0
670,10
671,11
672,6
673,8
674,6
675,10
676,4
677,1
678,0
679,0
680,1
681,8
682,5
683,8
684,5
685,9
686,10
687,8
688,11
689,1
690,0
691,1
692,7
693,0
694,7
695,5
696,0
697,1
698,4
699,5
700,1
701,9
702,5
703,11
704,0
705,3
706,9
707,8
708,4
709,7
710,11
711,1
712,8
713,1
714,1
715,10
716,7
717,6
718,6
719,4
720,8
721,8
722,5
723,0
724,6
725,6
726,0
727,6
728,8
729,8
730,6
731,3
732,11
733,0
734,7
735,3
736,2
737,6
738,1
739,11
740,6
741,6
742,1
743,10
744,0
745,7
746,0
747,3
748,4
749,11
750,0
751,0
752,6
753,3
754,7
755,11
756,5
757,10
758,0
759,2
760,7
761,7
762,1
763,9
764,3
765,11
766,1
767,7
768,7
769,11
770,1
771,5
772,0
773,1
774,7
775,8
776,10
777,8
778,8
779,0
780,7
781,0
782,5
783,1
784,0
785,6
786,1
787,8
788,7
789,3
790,8
791,6
792,2
793,3
794,9
795,1
796,5
797,0
798,10
799,6
800,1
801,8
802,7
803,4
804,1
805,4
806,5
807,10
808,0
809,6
810,7
811,7
812,8
813,10
814,9
815,11
816,3
817,11
818,1
819,10
820,11
821,4
822,7
823,5
824,1
825,11
826,1
827,4
828,4
829,3
830,7
831,6
832,2
833,7
834,4
835,1
836,10
837,6
838,0
839,11
840,11
841,6
842,0
843,1
844,1
845,4
846,3
847,7
848,4
849,4
850,3
851,7
852,8
853,10
854,6
855,7
856,6
857,4
858,1
859,8
860,0
861,8
862,4
863,3
864,4
865,6
866,11
867,0
868,4
869,11
870,1
871,3
872,3
873,6
874,0
875,3
876,8
877,10
878,8
879,8
880,11
881,5
882,1
883,6
884,0
885,3
886,8
887,1
888,1
889,8
890,5
891,3
892,6
893,0
894,8
895,5
896,5
897,2
898,1
899,0
900,8
901,5
902,6
903,11
904,6
905,0
906,10
907,8
908,11
909,7
910,4
911,11
912,1
913,3
914,1
915,6
916,1
917,6
918,3
919,1
920,1
921,10
922,8
923,2
924,4
925,5
926,11
927,9
928,5
929,11
930,5
931,10
932,11
933,0
934,2
935,11
936,0
937,1
938,7
939,1
940,8
941,9
942,2
943,8
944,4
945,8
946,8
947,4
948,1
949,7
950,3
951,8
952,3
953,5
954,3
955,7
956,6
957,9
958,6
959,1
960,2
961,3
962,8
963,1
964,3
965,6
966,2
967,11
968,6
969,0
970,8
971,9
972,6
973,11
974,5
975,1
976,6
977,1
978,4
979,3
980,6
981,1
982,7
983,6
984,2
985,10
986,10
987,7
988,8
989,10
990,8
991,6
992,7
993,1
994,11
995,0
996,9
997,2
998,7
999,7
1000,4
1001,1
1002,1
1003,9
1004,10
1005,11
1006,11
1007,8
1008,7
1009,0
1010,6
1011,3
1012,8
1013,6
1014,11
1015,5
1016,0
1017,11
1018,1
1019,6
1020,1
1021,9
1022,0
1023,1
1024,11
1025,10
1026,1
1027,9
1028,4
1029,2
1030,6
1031,1
1032,0
1033,1
1034,4
1035,1
1036,8
1037,4
1038,8
1039,0
1040,3
1041,10
1042,10
1043,5
1044,1
1045,1
1046,6
1047,8
1048,4
1049,8
1050,3
1051,6
1052,7
1053,1
1054,2
1055,5
1056,2
1057,11
1058,10
1059,11
1060,11
1061,6
1062,1
1063,7
1064,1
1065,8
1066,11
1067,8
1068,0
1069,6
1070,5
1071,4
1072,2
1073,10
1074,8
1075,4
1076,1
1077,2
1078,3
1079,3
1080,7
1081,3
1082,6
1083,0
1084,1
1085,3
1086,4
1087,0
1088,6
1089,3
1090,8
1091,7
1092,1
1093,9
1094,4
1095,11
1096,0
1097,1
1098,4
1099,3
1100,1
1101,1
1102,6
1103,10
1104,3
1105,1
1106,0
1107,10
1108,8
1109,7
1110,1
1111,1
1112,7
1113,8
1114,11
1115,11
1116,11
1117,10
1118,10
1119,6
1120,5
1121,7
1122,1
1123,10
1124,2
1125,0
1126,6
1127,4
1128,1
1129,7
1130,8
1131,11
1132,8
1133,6
1134,7
1135,0
1136,3
1137,6
1138,9
1139,8
1140,3
1141,11
1142,1
1143,8
1144,8
1145,7
1146,10
1147,4
1148,2
1149,8
1150,11
1151,3
1152,8
1153,6
1154,8
1155,6
1156,9
1157,11
1158,8
1159,10
1160,8
1161,8
1162,7
1163,7
1164,8
1165,10
1166,7
1167,11
1168,5
1169,1
1170,4
1171,1
1172,0
1173,2
1174,1
1175,2
1176,11
1177,10
1178,10
1179,0
1180,0
1181,10
1182,0
1183,1
1184,6
1185,5
1186,6
1187,11
1188,5
1189,9
1190,0
1191,4
1192,1
1193,6
1194,1
1195,9
1196,1
1197,11
1198,10
1199,1
1200,9
1201,1
1202,2
1203,6
1204,8
1205,8
1206,10
1207,8
1208,11
1209,11
1210,11
1211,7
1212,7
1213,0
1214,1
1215,11
1216,7
1217,10
1218,10
1219,5
1220,5
1221,10
1222,11
1223,6
1224,7
1225,11
1226,6
1227,3
1228,8
1229,1
1230,11
1231,7
1232,3
1233,6
1234,10
1235,8
1236,1
1237,7
1238,0
1239,7
1240,1
1241,7
1242,4
1243,6
1244,11
1245,1
1246,7
1247,11
1248,1
1249,7
1250,7
1251,6
1252,10
1253,6
1254,4
1255,8
1256,10
1257,8
1258,6
1259,6
1260,10
1261,11
1262,0
1263,6
1264,8
1265,3
1266,7
1267,1
1268,6
1269,0
1270,5
1271,1
1272,9
1273,1
1274,6
1275,8
1276,7
1277,0
1278,1
1279,10
1280,4
1281,5
1282,3
1283,8
1284,1
1285,0
1286,0
1287,8
1288,7
1289,1
1290,4
1291,0
1292,3
1293,8
1294,8
1295,0
1296,5
1297,7
1298,5
1299,1
1300,11
1301,2
1302,6
1303,1
1304,7
1305,6
1306,1
1307,11
1308,5
1309,1
1310,5
1311,9
1312,7
1313,8
1314,10
1315,8
1316,1
1317,0
1318,6
1319,0
1320,11
1321,10
1322,4
1323,10
1324,1
1325,8
1326,2
1327,11
1328,6
1329,11
1330,0
1331,4
1332,0
1333,10
1334,8
1335,1
1336,4
1337,4
1338,7
1339,8
1340,11
1341,0
1342,4
1343,3
1344,1
1345,8
1346,0
1347,0
1348,2
1349,5
1350,5
1351,4
1352,5
1353,3
1354,2
1355,6
1356,10
1357,1
1358,1
1359,6
1360,7
1361,0
1362,8
1363,1
1364,1
1365,1
1366,5
1367,1
1368,4
1369,6
1370,8
1371,11
1372,9
1373,11
1374,5
1375,5
1376,0
1377,10
1378,5
1379,0
1380,6
1381,10
1382,3
1383,11
1384,1
1385,0
1386,7
1387,3
1388,0
1389,8
1390,8
1391,8
1392,0
1393,5
1394,3
1395,3
1396,3
1397,1
1398,1
1399,11
1400,10
1401,3
1402,3
1403,1
1404,0
1405,7
1406,9
1407,7
1408,11
1409,7
1410,8
1411,7
1412,11
1413,4
1414,11
1415,2
1416,4
1417,6
1418,3
1419,1
1420,1
1421,0
1422,1
1423,4
1424,10
1425,1
1426,7
1427,7
1428,10
1429,10
1430,1
1431,1
1432,7
1433,5
1434,11
1435,10
1436,1
1437,3
1438,10
1439,7
1440,0
1441,6
1442,6
1443,0
1444,6
1445,5
1446,3
1447,2
1448,10
1449,4
1450,9
1451,0
1452,4
1453,1
1454,4
1455,0
1456,10
1457,8
1458,7
1459,7
1460,10
1461,8
1462,5
1463,4
1464,0
1465,6
1466,7
1467,11
1468,8
1469,0
1470,10
1471,8
1472,8
1473,8
1474,8
1475,10
1476,8
1477,6
1478,7
1479,11
1480,7
1481,11
1482,1
1483,3
1484,10
1485,1
1486,6
1487,1
1488,8
1489,3
1490,9
1491,7
1492,1
1493,7
1494,6
1495,7
1496,6
1497,7
1498,6
1499,4
1500,0
1501,1
1502,6
1503,0
1504,0
1505,11
1506,8
1507,6
1508,6
1509,3
1510,10
1511,6
1512,7
1513,4
1514,7
1515,1
1516,8
1517,8
1518,0
1519,3
1520,4
1521,1
1522,11
1523,3
1524,9
1525,6
1526,1
1527,1
1528,7
1529,11
1530,5
1531,4
1532,6
1533,10
1534,0
1535,5
1536,4
1537,8
1538,7
1539,2
1540,1
1541,0
1542,11
1543,2
1544,0
1545,10
1546,7
1547,2
1548,0
1549,4
1550,7
1551,4
1552,8
1553,7
1554,6
1555,8
1556,4
1557,0
1558,0
1559,10
1560,8
1561,6
1562,9
1563,0
1564,1
1565,1
1566,7
1567,6
1568,1
1569,2
1570,9
1571,1
1572,8
1573,10
1574,4
1575,3
1576,8
1577,10
1578,3
1579,7
1580,7
1581,5
1582,5
1583,0
1584,7
1585,6
1586,5
1587,0
1588,8
1589,1
1590,7
1591,7
1592,6
1593,1
1594,3
1595,0
1596,1
1597,1
1598,10
1599,8
1600,10
1601,11
1602,7
1603,7
1604,11
1605,8
1606,1
1607,0
1608,6
1609,5
1610,3
1611,1
1612,10
1613,1
1614,1
1615,11
1616,3
1617,8
1618,0
1619,0
1620,6
1621,3
1622,5
1623,8
1624,6
1625,2
1626,6
1627,8
1628,7
1629,8
1630,1
1631,3
1632,11
1633,10
1634,6
1635,1
1636,11
1637,2
1638,6
1639,10
1640,8
1641,8
1642,10
1643,8
1644,11
1645,11
1646,7
1647,4
1648,5
1649,2
1650,11
1651,8
1652,1
1653,1
1654,8
1655,6
1656,1
1657,7
1658,1
1659,3
1660,8
1661,1
1662,0
1663,3
1664,0
1665,0
1666,1
1667,6
1668,0
1669,2
1670,3
1671,6
1672,8
1673,1
1674,6
1675,0
1676,6
1677,11
1678,10
1679,0
1680,4
1681,8
1682,8
1683,8
1684,1
1685,11
1686,4
1687,1
1688,11
1689,6
1690,8
1691,1
1692,8
1693,8
1694,1
1695,6
1696,0
1697,9
1698,10
1699,1
1700,8
1701,0
1702,3
1703,0
1704,3
1705,5
1706,7
1707,7
1708,1
1709,10
1710,0
1711,0
1712,2
1713,2
1714,10
1715,0
1716,11
1717,2
1718,1
1719,8
1720,4
1721,8
1722,8
1723,8
1724,3
1725,7
1726,0
1727,4
1728,3
1729,2
1730,6
1731,8
1732,7
1733,5
1734,7
1735,0
1736,5
1737,8
1738,10
1739,6
1740,7
1741,4
1742,8
1743,3
1744,1
1745,1
1746,10
1747,2
1748,6
1749,9
1750,4
1751,7
1752,4
1753,0
1754,8
1755,10
1756,8
1757,8
1758,5
1759,7
1760,4
1761,7
1762,1
1763,4
1764,6
1765,5
1766,10
1767,9
1768,11
1769,4
1770,11
1771,4
1772,7
1773,4
1774,1
1775,8
1776,3
1777,8
1778,1
1779,11
1780,0
1781,0
1782,2
1783,7
1784,8
1785,6
1786,1
1787,0
1788,7
1789,1
1790,7
1791,7
1792,10
1793,0
1794,3
1795,9
1796,1
1797,5
1798,10
1799,10
1800,1
1801,1
1802,10
1803,9
1804,11
1805,6
1806,0
1807,1
1808,1
1809,4
1810,7
1811,3
1812,8
1813,1
1814,10
1815,7
1816,2
1817,8
1818,3
1819,11
1820,8
1821,0
1822,8
1823,0
1824,7
1825,6
1826,11
1827,3
1828,11
1829,4
1830,6
1831,1
1832,3
1833,0
1834,0
1835,8
1836,7
1837,3
1838,7
1839,11
1840,1
1841,1
1842,7
1843,1
1844,8
1845,0
1846,5
1847,0
1848,3
1849,8
1850,11
1851,10
1852,4
1853,8
1854,6
1855,0
1856,1
1857,3
1858,3
1859,8
1860,0
1861,3
1862,1
1863,4
1864,9
1865,4
1866,2
1867,1
1868,5
1869,1
1870,4
1871,4
1872,5
1873,0
1874,5
1875,4
1876,0
1877,8
1878,0
1879,1
1880,7
1881,7
1882,7
1883,10
1884,11
1885,11
1886,7
1887,2
1888,8
1889,0
1890,9
1891,1
1892,1
1893,8
1894,10
1895,5
1896,6
1897,6
1898,11
1899,0
1900,8
1901,0
1902,0
1903,8
1904,4
1905,11
1906,3
1907,1
1908,10
1909,11
1910,9
1911,1
1912,11
1913,8
1914,1
1915,3
1916,9
1917,4
1918,8
1919,11
1920,0
1921,5
1922,0
1923,2
1924,3
1925,2
1926,8
1927,1
1928,7
1929,0
1930,7
1931,4
1932,7
1933,8
1934,11
1935,5
1936,5
1937,11
1938,5
1939,7
1940,10
1941,6
1942,2
1943,2
1944,4
1945,11
1946,0
1947,7
1948,11
1949,1
1950,5
1951,1
1952,10
1953,6
1954,5
1955,5
1956,6
1957,4
1958,5
1959,1
1960,6
1961,7
1962,8
1963,1
1964,1
1965,7
1966,8
1967,5
1968,6
1969,3
1970,0
1971,10
1972,6
1973,4
1974,10
1975,5
1976,1
1977,7
1978,10
1979,10
1980,0
1981,0
1982,6
1983,5
1984,11
1985,0
1986,0
1987,5
1988,1
1989,8
1990,1
1991,6
1992,11
1993,1
1994,2
1995,4
1996,4
1997,5
1998,7
1999,8
2000,1
2001,10
2002,8
2003,9
2004,8
2005,5
2006,11
2007,6
2008,3
2009,1
2010,8
2011,7
2012,7
2013,11
2014,0
2015,3
2016,4
2017,8
2018,0
2019,7
2020,4
2021,8
2022,4
2023,4
2024,1
2025,0
2026,0
2027,4
2028,7
2029,3
2030,11
2031,11
2032,7
2033,7
2034,10
2035,1
2036,11
2037,8
2038,4
2039,7
2040,4
2041,4
2042,10
2043,1
2044,3
2045,4
2046,3
2047,3
2048,0
2049,10
2050,7
2051,11
2052,5
2053,5
2054,4
2055,8
2056,7
2057,6
2058,3
2059,8
2060,1
2061,11
2062,10
2063,6
2064,8
2065,3
2066,0
2067,7
2068,7
2069,7
2070,3
2071,8
2072,11
2073,0
2074,5
2075,0
2076,2
2077,8
2078,7
2079,6
2080,0
2081,11
2082,7
2083,11
2084,11
2085,0
2086,3
2087,6
2088,3
2089,8
2090,0
2091,0
2092,0
2093,3
2094,5
2095,10
2096,5
2097,10
2098,7
2099,0
2100,9
2101,11
2102,7
2103,1
2104,5
2105,2
2106,2
2107,11
2108,7
2109,5
2110,8
2111,0
2112,1
2113,6
2114,8
2115,3
2116,2
2117,11
2118,8
2119,0
2120,6
2121,8
2122,2
2123,4
2124,6
2125,6
2126,6
2127,8
2128,1
2129,1
2130,8
2131,11
2132,8
2133,6
2134,10
2135,11
2136,3
2137,0
2138,0
2139,3
2140,7
2141,8
2142,11
2143,1
2144,8
2145,6
2146,5
2147,0
2148,8
2149,1
2150,3
2151,4
2152,10
2153,8
2154,4
2155,8
2156,6
2157,10
2158,3
2159,5
2160,0
2161,8
2162,5
2163,8
2164,5
2165,0
2166,10
2167,0
2168,1
2169,0
2170,10
2171,10
2172,7
2173,6
2174,8
2175,1
2176,11
2177,8
2178,1
2179,6
2180,4
2181,6
2182,8
2183,6
2184,0
