stim_idx,cluster_id
0,9
1,5
2,10
3,1
4,10
5,3
6,1
7,6
8,8
9,14
10,1
11,3
12,14
13,14
14,8
15,11
16,5
17,7
18,12
19,6
20,4
21,7
22,12
23,11
24,10
25,12
26,1
27,10
28,7
29,2
30,12
31,7
32,2
33,11
34,9
35,7
36,8
37,14
38,14
39,7
40,7
41,11
42,11
43,10
44,5
45,9
46,14
47,11
48,7
49,9
50,1
51,4
52,2
53,12
54,11
55,4
56,7
57,2
58,13
59,11
60,4
61,14
62,11
63,2
64,9
65,1
66,10
67,2
68,0
69,10
70,4
71,6
72,11
73,12
74,14
75,11
76,14
77,14
78,12
79,0
80,11
81,2
82,7
83,7
84,9
85,14
86,4
87,7
88,1
89,6
90,8
91,10
92,9
93,5
94,1
95,4
96,7
97,5
98,9
99,12
100,6
101,1
102,10
103,7
104,12
105,7
106,0
107,12
108,5
109,12
110,14
111,14
112,5
113,3
114,1
115,0
116,2
117,1
118,11
119,7
120,11
121,5
122,8
123,11
124,13
125,0
126,7
127,11
128,4
129,2
130,8
131,4
132,3
133,14
134,0
135,12
136,14
137,1
138,2
139,11
140,4
141,13
142,7
143,2
144,7
145,5
146,10
147,1
148,1
149,2
150,5
151,4
152,2
153,14
154,10
155,5
156,0
157,5
158,2
159,7
160,1
161,3
162,4
163,1
164,9
165,8
166,2
167,3
168,2
169,3
170,2
171,10
172,4
173,2
174,1
175,10
176,5
177,3
178,2
179,5
180,4
181,9
182,2
183,5
184,11
185,12
186,12
187,12
188,7
189,1
190,13
191,9
192,1
193,7
194,14
195,1
196,2
197,1
198,14
199,14
200,7
201,1
202,11
203,13
204,9
205,1
206,5
207,12
208,1
209,11
210,5
211,1
212,7
213,1
214,3
215,14
216,6
217,1
218,11
219,12
220,10
221,10
222,12
223,0
224,8
225,2
226,5
227,13
228,2
229,4
230,12
231,13
232,4
233,5
234,7
235,6
236,11
237,8
238,2
239,2
240,2
241,10
242,8
243,5
244,14
245,4
246,0
247,6
248,7
249,7
250,4
251,8
252,7
253,7
254,2
255,14
256,7
257,1
258,2
259,1
260,11
261,7
262,9
263,12
264,7
265,4
266,14
267,1
268,6
269,7
270,4
271,1
272,12
273,12
274,11
275,9
276,2
277,12
278,5
279,10
280,2
281,2
282,1
283,11
284,1
285,11
286,5
287,5
288,0
289,14
290,9
291,11
292,11
293,7
294,1
295,2
296,1
297,12
298,2
299,5
300,11
301,4
302,4
303,3
304,2
305,9
306,4
307,4
308,5
309,14
310,4
311,7
312,7
313,10
314,7
315,14
316,11
317,2
318,4
319,0
320,2
321,5
322,9
323,7
324,1
325,2
326,8
327,5
328,8
329,1
330,11
331,2
332,7
333,14
334,9
335,8
336,8
337,10
338,14
339,5
340,7
341,11
342,1
343,12
344,12
345,13
346,1
347,10
348,7
349,3
350,12
351,2
352,11
353,8
354,10
355,4
356,10
357,1
358,3
359,12
360,4
361,3
362,13
363,12
364,3
365,8
366,4
367,14
368,7
369,7
370,9
371,12
372,1
373,2
374,5
375,12
376,1
377,7
378,2
379,4
380,5
381,7
382,2
383,12
384,7
385,0
386,11
387,12
388,10
389,8
390,10
391,9
392,1
393,2
394,2
395,6
396,8
397,3
398,4
399,6
400,11
401,3
402,14
403,2
404,4
405,10
406,10
407,3
408,2
409,0
410,11
411,9
412,14
413,11
414,8
415,4
416,11
417,1
418,8
419,3
420,8
421,11
422,14
423,7
424,8
425,7
426,11
427,2
428,14
429,12
430,11
431,4
432,11
433,14
434,11
435,2
436,13
437,5
438,4
439,9
440,5
441,4
442,4
443,9
444,10
445,11
446,3
447,1
448,4
449,10
450,4
451,4
452,11
453,11
454,8
455,1
456,11
457,6
458,10
459,10
460,11
461,12
462,12
463,4
464,9
465,9
466,3
467,3
468,12
469,7
470,4
471,14
472,7
473,6
474,11
475,10
476,10
477,12
478,9
479,4
480,5
481,0
482,9
483,11
484,3
485,11
486,4
487,9
488,5
489,0
490,0
491,6
492,8
493,11
494,9
495,14
496,2
497,1
498,8
499,1
500,9
501,1
502,2
503,11
504,2
505,10
506,13
507,7
508,2
509,11
510,4
511,2
512,13
513,2
514,3
515,6
516,5
517,8
518,0
519,3
520,4
521,5
522,8
523,7
524,14
525,5
526,5
527,8
528,2
529,12
530,8
531,3
532,9
533,7
534,1
535,10
536,14
537,11
538,3
539,3
540,9
541,7
542,10
543,8
544,14
545,7
546,9
547,6
548,1
549,7
550,3
551,9
552,3
553,7
554,9
555,8
556,6
557,8
558,10
559,11
560,3
561,6
562,12
563,14
564,7
565,5
566,10
567,12
568,11
569,1
570,2
571,2
572,9
573,4
574,4
575,5
576,7
577,7
578,4
579,3
580,8
581,11
582,14
583,12
584,5
585,5
586,3
587,12
588,1
589,13
590,11
591,8
592,14
593,3
594,2
595,5
596,14
597,7
598,10
599,14
600,7
601,7
602,2
603,5
604,5
605,2
606,10
607,7
608,2
609,7
610,1
611,14
612,7
613,4
614,2
615,10
616,2
617,10
618,1
619,2
620,4
621,2
622,7
623,4
624,7
625,7
626,10
627,11
628,8
629,14
630,0
631,7
632,3
633,12
634,0
635,8
636,8
637,0
638,13
639,9
640,14
641,2
642,12
643,5
644,9
645,0
646,3
647,1
648,12
649,12
650,2
651,11
652,13
653,0
654,13
655,2
656,4
657,12
658,9
659,4
660,3
661,11
662,5
663,1
664,8
665,4
666,2
667,2
668,10
669,10
670,3
671,12
672,11
673,8
674,7
675,14
676,7
677,8
678,5
679,4
680,7
681,2
682,3
683,1
684,13
685,13
686,14
687,12
688,9
689,12
690,5
691,6
692,10
693,1
694,12
695,14
696,8
697,10
698,10
699,7
700,1
701,3
702,8
703,1
704,11
705,12
706,0
707,3
708,12
709,10
710,14
711,4
712,3
713,4
714,2
715,5
716,7
717,8
718,9
719,9
720,1
721,5
722,10
723,2
724,7
725,0
726,7
727,4
728,5
729,1
730,4
731,10
732,3
733,9
734,8
735,10
736,2
737,2
738,4
739,0
740,8
741,4
742,6
743,5
744,6
745,11
746,5
747,12
748,6
749,9
750,11
751,7
752,4
753,1
754,7
755,1
756,6
757,11
758,7
759,14
760,11
761,11
762,8
763,3
764,7
765,11
766,7
767,1
768,2
769,2
770,5
771,9
772,8
773,4
774,8
775,2
776,11
777,7
778,3
779,3
780,2
781,8
782,11
783,1
784,11
785,6
786,2
787,7
788,7
789,8
790,5
791,14
792,5
793,7
794,0
795,1
796,11
797,8
798,6
799,4
800,12
801,12
802,8
803,5
804,7
805,4
806,14
807,11
808,3
809,14
810,8
811,8
812,0
813,12
814,10
815,2
816,4
817,5
818,4
819,6
820,7
821,7
822,4
823,3
824,8
825,11
826,7
827,11
828,7
829,7
830,1
831,10
832,9
833,7
834,10
835,4
836,7
837,8
838,7
839,1
840,2
841,8
842,7
843,0
844,7
845,4
846,11
847,4
848,11
849,7
850,5
851,2
852,14
853,0
854,6
855,11
856,2
857,6
858,2
859,12
860,13
861,1
862,5
863,7
864,1
865,4
866,3
867,10
868,4
869,0
870,2
871,5
872,1
873,9
874,1
875,5
876,10
877,3
878,8
879,2
880,11
881,2
882,12
883,2
884,5
885,5
886,8
887,7
888,7
889,7
890,3
891,9
892,8
893,5
894,9
895,11
896,6
897,2
898,0
899,7
900,6
901,12
902,9
903,1
904,7
905,10
906,9
907,7
908,10
909,9
910,2
911,1
912,11
913,4
914,11
915,4
916,10
917,7
918,2
919,2
920,10
921,2
922,7
923,12
924,4
925,8
926,11
927,0
928,1
929,8
930,13
931,7
932,2
933,11
934,10
935,12
936,5
937,12
938,1
939,11
940,11
941,8
942,12
943,4
944,9
945,5
946,2
947,7
948,3
949,2
950,13
951,5
952,1
953,12
954,7
955,7
956,4
957,13
958,4
959,8
960,9
961,10
962,9
963,8
964,4
965,9
966,10
967,1
968,9
969,14
970,1
971,13
972,10
973,9
974,9
975,2
976,8
977,5
978,1
979,4
980,4
981,14
982,14
983,1
984,10
985,1
986,11
987,2
988,12
989,1
990,8
991,7
992,9
993,11
994,14
995,9
996,13
997,10
998,8
999,5
1000,11
1001,2
1002,7
1003,11
1004,7
1005,5
1006,10
1007,8
1008,11
1009,5
1010,4
1011,5
1012,10
1013,5
1014,5
1015,0
1016,14
1017,10
1018,14
1019,3
1020,5
1021,0
1022,12
1023,2
1024,3
1025,10
1026,2
1027,9
1028,7
1029,14
1030,8
1031,1
1032,2
1033,14
1034,7
1035,3
1036,6
1037,7
1038,3
1039,1
1040,12
1041,2
1042,7
1043,1
1044,11
1045,9
1046,12
1047,8
1048,12
1049,6
1050,3
1051,10
1052,8
1053,14
1054,8
1055,6
1056,7
1057,4
1058,5
1059,1
1060,4
1061,4
1062,13
1063,7
1064,12
1065,4
1066,11
1067,1
1068,10
1069,8
1070,13
1071,11
1072,11
1073,3
1074,2
1075,7
1076,12
1077,3
1078,0
1079,4
1080,2
1081,7
1082,7
1083,1
1084,14
1085,14
1086,2
1087,1
1088,11
1089,12
1090,2
1091,2
1092,5
1093,10
1094,7
1095,11
1096,10
1097,2
1098,2
1099,5
1100,5
1101,12
1102,7
1103,7
1104,10
1105,10
1106,12
1107,2
1108,5
1109,6
1110,8
1111,4
1112,7
1113,5
1114,7
1115,7
1116,8
1117,9
1118,3
1119,5
1120,14
1121,7
1122,3
1123,1
1124,3
1125,7
1126,3
1127,2
1128,8
1129,9
1130,9
1131,3
1132,9
1133,5
1134,2
1135,1
1136,2
1137,11
1138,0
1139,9
1140,10
1141,5
1142,7
1143,5
1144,14
1145,4
1146,8
1147,4
1148,10
1149,2
1150,12
1151,10
1152,6
1153,10
1154,7
1155,11
1156,3
1157,0
1158,2
1159,4
1160,7
1161,3
1162,1
1163,3
1164,8
1165,2
1166,1
1167,4
1168,12
1169,7
1170,8
1171,11
1172,11
1173,10
1174,8
1175,9
1176,6
1177,4
1178,3
1179,7
1180,8
1181,2
1182,8
1183,7
1184,5
1185,10
1186,7
1187,14
1188,10
1189,13
1190,12
1191,1
1192,9
1193,5
1194,9
1195,13
1196,14
1197,5
1198,7
1199,2
1200,3
1201,7
1202,14
1203,5
1204,14
1205,4
1206,10
1207,8
1208,5
1209,14
1210,9
1211,1
1212,0
1213,3
1214,4
1215,11
1216,2
1217,10
1218,2
1219,2
1220,2
1221,10
1222,10
1223,11
1224,2
1225,7
1226,11
1227,14
1228,4
1229,9
1230,7
1231,14
1232,1
1233,2
1234,12
1235,3
1236,11
1237,14
1238,7
1239,6
1240,9
1241,5
1242,4
1243,5
1244,6
1245,10
1246,10
1247,7
1248,2
1249,5
1250,8
1251,1
1252,10
1253,1
1254,11
1255,0
1256,7
1257,5
1258,11
1259,1
1260,10
1261,7
1262,12
1263,11
1264,14
1265,14
1266,14
1267,7
1268,14
1269,7
1270,2
1271,14
1272,13
1273,11
1274,2
1275,12
1276,9
1277,11
1278,1
1279,6
1280,9
1281,2
1282,2
1283,4
1284,3
1285,7
1286,12
1287,1
1288,8
1289,12
1290,12
1291,11
1292,8
1293,1
1294,14
1295,7
1296,11
1297,7
1298,11
1299,1
1300,11
1301,8
1302,1
1303,9
1304,7
1305,2
1306,10
1307,1
1308,2
1309,4
1310,4
1311,3
1312,8
1313,2
1314,7
1315,13
1316,8
1317,1
1318,11
1319,5
1320,3
1321,10
1322,11
1323,2
1324,7
1325,4
1326,1
1327,1
1328,10
1329,2
1330,1
1331,8
1332,4
1333,6
1334,2
1335,14
1336,3
1337,10
1338,5
1339,4
1340,12
1341,3
1342,12
1343,10
1344,8
1345,11
1346,12
1347,11
1348,4
1349,1
1350,12
1351,8
1352,6
1353,1
1354,3
1355,2
1356,11
1357,10
1358,1
1359,0
1360,4
1361,1
1362,12
1363,12
1364,14
1365,8
1366,0
1367,4
1368,11
1369,10
1370,4
1371,1
1372,0
1373,14
1374,5
1375,14
1376,5
1377,11
1378,14
1379,7
1380,1
1381,8
1382,5
1383,7
1384,8
1385,10
1386,11
1387,10
1388,12
1389,7
1390,4
1391,8
1392,11
1393,6
1394,5
1395,11
1396,5
1397,4
1398,8
1399,8
1400,11
1401,10
1402,14
1403,3
1404,11
1405,1
1406,2
1407,6
1408,10
1409,5
1410,14
1411,11
1412,5
1413,11
1414,2
1415,14
1416,11
1417,6
1418,5
1419,5
1420,11
1421,3
1422,2
1423,5
1424,14
1425,7
1426,1
1427,7
1428,6
1429,7
1430,7
1431,0
1432,2
1433,2
1434,1
1435,13
1436,12
1437,12
1438,8
1439,4
1440,10
1441,5
1442,5
1443,14
1444,1
1445,7
1446,3
1447,5
1448,6
1449,8
1450,14
1451,3
1452,9
1453,7
1454,1
1455,8
1456,12
1457,1
1458,10
1459,3
1460,14
1461,7
1462,10
1463,11
1464,7
1465,7
1466,5
1467,7
1468,1
1469,2
1470,8
1471,10
1472,2
1473,14
1474,5
1475,7
1476,11
1477,7
1478,1
1479,1
1480,10
1481,11
1482,11
1483,4
1484,11
1485,2
1486,14
1487,5
1488,11
1489,10
1490,12
1491,12
1492,8
1493,3
1494,7
1495,10
1496,1
1497,8
1498,12
1499,10
1500,7
1501,6
1502,7
1503,4
1504,9
1505,8
1506,7
1507,11
1508,7
1509,8
1510,7
1511,14
1512,2
1513,13
1514,8
1515,4
1516,10
1517,1
1518,4
1519,1
1520,2
1521,2
1522,2
1523,7
1524,14
1525,13
1526,11
1527,8
1528,5
1529,12
1530,11
1531,9
1532,6
1533,11
1534,12
1535,10
1536,3
1537,5
1538,14
1539,12
1540,14
1541,7
1542,10
1543,4
1544,2
1545,4
1546,7
1547,5
1548,11
1549,1
1550,4
1551,14
1552,10
1553,7
1554,14
1555,2
1556,3
1557,10
1558,7
1559,8
1560,8
1561,2
1562,0
1563,1
1564,5
1565,11
1566,6
1567,5
1568,12
1569,7
1570,0
1571,12
1572,6
1573,7
1574,12
1575,8
1576,10
1577,0
1578,2
1579,5
1580,7
1581,13
1582,3
1583,12
1584,12
1585,14
1586,7
1587,12
1588,4
1589,8
1590,8
1591,6
1592,4
1593,2
1594,4
1595,3
1596,12
1597,6
1598,2
1599,2
1600,2
1601,13
1602,5
1603,10
1604,2
1605,6
1606,12
1607,7
1608,3
1609,4
1610,12
1611,1
1612,14
1613,10
1614,7
1615,3
1616,12
1617,12
1618,8
1619,10
1620,14
1621,4
1622,10
1623,10
1624,2
1625,14
1626,1
1627,1
1628,5
1629,2
1630,11
1631,8
1632,6
1633,7
1634,7
1635,5
1636,9
1637,4
1638,5
1639,5
1640,5
1641,9
1642,11
1643,5
1644,0
1645,8
1646,4
1647,5
1648,7
1649,6
1650,2
1651,8
1652,4
1653,5
1654,7
1655,3
1656,7
1657,1
1658,0
1659,6
1660,9
1661,12
1662,3
1663,11
1664,2
1665,1
1666,11
1667,14
1668,1
1669,10
1670,1
1671,2
1672,10
1673,2
1674,4
1675,7
1676,9
1677,8
1678,9
1679,4
1680,7
1681,5
1682,7
1683,11
1684,8
1685,2
1686,2
1687,7
1688,5
1689,2
1690,7
1691,3
1692,4
1693,11
1694,1
1695,5
1696,8
1697,11
1698,12
1699,3
1700,4
1701,7
1702,4
1703,12
1704,7
1705,14
1706,10
1707,3
1708,11
1709,13
1710,4
1711,0
1712,2
1713,10
1714,12
1715,3
1716,7
1717,0
1718,4
1719,4
1720,14
1721,1
1722,2
1723,1
1724,6
1725,10
1726,10
1727,10
1728,2
1729,1
1730,10
1731,9
1732,14
1733,3
1734,11
1735,2
1736,9
1737,7
1738,9
1739,10
1740,9
1741,1
1742,1
1743,7
1744,14
1745,2
1746,12
1747,14
1748,8
1749,11
1750,0
1751,7
1752,1
1753,7
1754,11
1755,8
1756,4
1757,12
1758,10
1759,7
1760,7
1761,11
1762,7
1763,14
1764,4
1765,2
1766,7
1767,13
1768,13
1769,1
1770,4
1771,8
1772,12
1773,2
1774,7
1775,11
1776,11
1777,4
1778,1
1779,14
1780,14
1781,11
1782,0
1783,5
1784,2
1785,12
1786,8
1787,1
1788,3
1789,11
1790,1
1791,2
1792,4
1793,14
1794,11
1795,6
1796,8
1797,10
1798,3
1799,1
1800,5
1801,2
1802,7
1803,0
1804,1
1805,12
1806,8
1807,11
1808,1
1809,9
1810,1
1811,5
1812,5
1813,11
1814,3
1815,5
1816,0
1817,7
1818,14
1819,7
1820,2
1821,1
1822,5
1823,3
1824,1
1825,11
1826,9
1827,11
1828,9
1829,8
1830,2
1831,8
1832,12
1833,10
1834,10
1835,12
1836,14
1837,12
1838,2
1839,8
1840,7
1841,1
1842,5
1843,5
1844,12
1845,7
1846,10
1847,6
1848,11
1849,10
1850,7
1851,3
1852,12
1853,7
1854,6
1855,2
1856,2
1857,2
1858,7
1859,14
1860,1
1861,5
1862,11
1863,7
1864,13
1865,8
1866,6
1867,5
1868,9
1869,2
1870,11
1871,5
1872,3
1873,4
1874,14
1875,2
1876,5
1877,12
1878,1
1879,2
1880,14
1881,14
1882,3
1883,1
1884,2
1885,4
1886,11
1887,12
1888,8
1889,8
1890,8
1891,12
1892,1
1893,12
1894,5
1895,13
1896,12
1897,5
1898,10
1899,2
1900,4
1901,7
1902,8
1903,10
1904,14
1905,9
1906,5
1907,7
1908,10
1909,14
1910,3
1911,7
1912,13
1913,4
1914,14
1915,11
1916,6
1917,5
1918,4
1919,5
1920,6
1921,14
1922,3
1923,10
1924,7
1925,5
1926,11
1927,2
1928,12
1929,2
1930,2
1931,2
1932,1
1933,11
1934,5
1935,3
1936,11
1937,12
1938,10
1939,9
1940,7
1941,14
1942,3
1943,11
1944,7
1945,2
1946,4
1947,7
1948,4
1949,12
1950,10
1951,7
1952,0
1953,2
1954,11
1955,7
1956,4
1957,8
1958,14
1959,3
1960,8
1961,10
1962,2
1963,10
1964,12
1965,6
1966,10
1967,10
1968,10
1969,8
1970,11
1971,10
1972,12
1973,6
1974,10
1975,1
1976,7
1977,0
1978,3
1979,5
1980,7
1981,10
1982,11
1983,12
1984,2
1985,9
1986,7
1987,11
1988,12
1989,4
1990,14
1991,4
1992,9
1993,7
1994,7
1995,11
1996,2
1997,1
1998,8
1999,6
2000,4
2001,10
2002,10
2003,13
2004,7
2005,2
2006,1
2007,2
2008,0
2009,2
2010,14
2011,4
2012,0
2013,10
2014,11
2015,12
2016,10
2017,2
2018,8
2019,1
2020,1
2021,9
2022,11
2023,5
2024,10
2025,7
2026,5
2027,8
2028,7
2029,5
2030,5
2031,9
2032,12
2033,8
2034,13
2035,7
2036,5
2037,12
2038,2
2039,1
2040,1
2041,10
2042,5
2043,4
2044,9
2045,10
2046,11
2047,14
2048,12
2049,8
2050,12
2051,12
2052,13
2053,6
2054,8
2055,1
2056,13
2057,10
2058,1
2059,2
2060,1
2061,10
2062,3
2063,4
2064,3
2065,5
2066,12
2067,7
2068,4
2069,4
2070,2
2071,11
2072,2
2073,3
2074,7
2075,12
2076,11
2077,7
2078,0
2079,8
2080,5
2081,7
2082,2
2083,10
2084,12
2085,7
2086,7
2087,7
2088,8
2089,9
2090,4
2091,14
2092,5
2093,14
2094,0
2095,3
2096,3
2097,10
2098,7
2099,14
2100,14
2101,13
2102,7
2103,6
2104,10
2105,8
2106,13
2107,2
2108,5
2109,3
2110,11
2111,12
2112,4
2113,2
2114,2
2115,8
2116,12
2117,12
2118,0
2119,11
2120,1
2121,5
2122,14
2123,7
2124,11
2125,14
2126,14
2127,2
2128,4
2129,7
2130,11
2131,4
2132,7
2133,14
2134,5
2135,14
2136,9
2137,1
2138,11
2139,7
2140,7
2141,2
2142,8
2143,12
2144,7
2145,4
2146,8
2147,11
2148,12
2149,9
2150,11
2151,6
2152,3
2153,12
2154,4
2155,1
2156,2
2157,7
2158,8
2159,14
2160,3
2161,1
2162,6
2163,9
2164,7
2165,9
2166,14
2167,10
2168,5
2169,6
2170,5
2171,9
2172,9
2173,11
2174,7
2175,10
2176,1
2177,7
2178,12
2179,14
2180,6
2181,12
2182,8
2183,5
2184,11
